1466245236
1751457872
1701802092
1696624486
544499813
542469737
1952801824
1400136052
1702046752
1768824911
1919182194
544501536
1718579821
543236205
1869767968
1885696614
1701016608
1433299311
1848385546

1702065249
1651272051
1746946677
1937008995
1697390697
1853060466
1696621679
1835365236
1768104020
1918987889
1969843305
1954098208
1886547830
1768187168
1718579744
1952998688
1668246893
1869488228
1701209454
1936010272
167772160

1886547821
1869899040
1952998688
1734700645
1918987296
1466264678
1634886956
543256164
544433507
1970431264
1952998688
1114400115
1936289383
1931505510
541878626
1701999737
544501536
1869967987
1701607013
1931479552

1634624544
1869967904
1349481332
1701996916
2032935012
1864396658
1684105582
543256164
543519604
1633840233
1936203892
1751741216
1131376243
1953068149
1953066862
543584114
537526272

1952998688
1433299316
1701060691
1952543845
1931505510
541158757
1919509345
772407296

